	0.0  		-424398.2509580314	 
	7.5  		-424398.2231767034	 
	15.0  		-424398.1745949818	 
	22.5  		-424398.0978647025	 
	30.0  		-424398.0173787518	 
	37.5  		-424397.9587671622	 
	45.0  		-424397.9504042831	 
	52.5  		-424398.0892139994	 
	60.0  		-424398.3510080780	
	67.5  		-424398.0705068109	 
	75.0  		-424397.9804237335	
	82.5  		-424397.9897645730	 
	90.0  		-424398.0418642896	
	97.5  		-424398.1185644683	
	105.0  		-424398.1865193509
	112.5  		-424398.2316435566	
	120.0  		-424398.2493943793


